-658.882674
-328.324249
-348.400374
-905.674477
-669.669331
-559.664019
-667.649385
-334.097480
-567.145198
-666.051621
-665.251029
-566.526831
-921.414194
-897.242288
-576.536858
-692.318370
-878.222799
-358.069499
-641.156235
-377.809099
-352.904663
-581.529287
-866.324963
-884.082542
-333.495793
-682.669271
-757.670908
-340.537594
-355.954823
-912.316409
-679.603827
-352.472130
-597.794627
-367.085258
-341.359880
-895.878152
-703.871865
-577.511981
-365.201728
-663.226557
-347.196408
-671.276879
-370.254320
-351.031817
-327.560216
-677.242388
-350.520081
-345.992578
-356.704981
-372.259492
-332.146339
-670.550614
-666.667351
-328.952642
-674.627898
-346.965651
-346.380954
-586.092648
-875.316079
-347.288447
-884.637825
-587.429870
-719.947210
-374.342530
-681.943561
-682.859247
-581.374500
-350.333862
-340.970780
-902.203789
-673.421876
-568.761881
-371.817061
-335.133858
-366.116804
-684.974269
-888.930052
-354.032410
-878.446134
-366.071801
-677.985247
-357.590178
-898.504805
-678.738517
-597.874684
-682.996180
-904.182994
-337.260873
-572.556972
-905.080565
-580.744293
-669.659565
-884.467043
-678.921437
-603.750383
-366.656075
-666.483128
-345.703144
-884.812244
-355.557992
-349.049657
-359.020528
-900.113707
-689.587418
-655.306941
-615.411513
-916.131163
-333.276655
-693.634944
-890.840365
-560.924337
-684.783334
-582.678707
-564.710125
-896.733434
-703.543069
-690.405590
-328.455859
-660.399439
-571.014025
-672.827787
-351.446045
-695.255457
-761.441313
-672.312755
-382.806364
-351.444556
-584.511304
-691.557041
-727.353157
-713.372950
-330.782049
-688.750897
-649.036581
-676.873849
-562.126814
-349.942244
-358.141087
-562.157468
-354.016791
-711.358044
-891.289761
-399.654852
-669.084699
-649.480992
-355.893992
-680.908310
-682.609683
-359.738535
-358.562120
-353.419099
-374.234573
-870.397644
-377.381688
-572.907783
-343.095679
-887.839862
-559.302673
-670.740219
-693.311048
-675.397134
-569.309835
-809.124100
-363.346971
-640.152144
-563.443008
-360.096429
-594.385941
-341.272254
-557.977889
-357.443924
-694.059626
-679.079734
-905.540166
-673.691439
-603.941960
-341.395512
-859.152118
-903.061594
-765.192009
-348.717652
-792.244629
-673.232644
-666.476351
-683.516103
-900.254941
-691.991759
-357.253218
-354.228166
-583.490665
-565.537429
-368.000030
-583.019586
-778.461639
-342.662255
-749.521112
-567.913126
-336.426333
-341.483369
-346.541276
-681.246445
-363.446517
-566.269183
-585.851322
-710.653808
-683.691228
-645.228177
-883.973923
-689.111138
-674.433806
-378.473970
-672.130645
-673.851609
-679.018140
-690.426283
-360.494001
-739.272110
-562.750581
-332.852940
-761.664818
-342.676275
-674.507982
-571.167011
-676.249106
-677.510072
-359.238782
-367.681981
-368.932011
-574.809365
-366.660249
-356.425731
-670.473263
-913.911095
-358.566451
-365.187947
-890.424891
-369.811440
-560.356381
-682.924548
-893.228089
-353.518329
-698.968511
-578.461826
-349.088933
-692.343165
-669.062160
-860.465230
-873.105305
-663.769122
-592.072062
-886.444623
-565.591191
-690.230775
-701.441995
-563.482311
-909.553256
-696.466254
-664.070708
-355.244090
-665.547941
-381.451832
-378.350032
-770.908959
-345.938110
-588.420384
-884.498096
-358.181108
-370.066871
-314.675719
-898.169208
-667.650397
-551.767547
-335.148809
-664.669896
-342.541692
-352.687967
-354.666929
-319.389394
-367.040015
-593.778892
-339.312842
-344.169965
-342.841965
-353.791974
-680.711210
-589.591585
-900.813194
-324.039727
-335.222215
-677.722910
-566.763743
-668.733798
-665.476053
-921.591294
-610.870220
-639.392430
-695.684523
-928.309406
-678.454355
-887.202799
-597.185295
-673.207899
-698.790986
-885.593872
-376.446143
-704.026023
-347.441648
-343.284843
-898.503012
-581.801645
-677.643580
-355.162380
-882.717391
-691.557323
-556.299285
-887.675684
-552.874018
-589.083550
-349.454746
-680.255676
-331.896635
-586.509239
-914.220583
-348.896094
-911.757121
-874.264347
-695.538675
-681.817077
-885.471737
-569.313815
-559.780584
-533.588545
-325.663874
-366.667385
-728.113870
-359.678731
-678.631115
-715.809480
-668.095655
-897.569463
-356.575225
-344.981383
-570.013225
-712.563019
-676.161732
-679.906203
-676.538220
-345.925866
-337.650092
-655.815555
-748.491919
-562.333882
-908.911359
-888.579912
-582.469709
-342.926626
-704.959316
-691.274091
-888.784658
-692.479764
-655.383839
-347.337576
-659.149274
-591.648138
-668.905538
-921.476121
-877.915406
-573.355716
-891.659448
-571.201139
-887.400030
-705.228136
-588.645237
-556.370228
-687.639567
-671.824851
-552.346618
-341.410375
-331.325887
-674.598184
-690.670302
-656.064656
-913.197770
-339.634690
-740.497402
-378.126725
-689.507862
-674.040528
-366.224999
-382.765406
-648.168577
-866.940382
-568.943028
-322.747092
-879.583952
-737.405699
-733.426747
-357.723429
-353.741700
-380.372368
-364.597505
-652.433584
-683.401242
-712.201847
-337.514626
-369.375925
-668.133819
-324.898466
-375.817695
-905.484651
-371.950453
-345.658002
-376.375572
-391.333346
-553.008641
-653.261145
-344.560962
-695.510492
-584.193757
-664.786749
-371.301024
-650.297383
-360.362085
-360.067678
-332.924864
-664.063830
-597.428405
-596.548190
-350.016357
-568.878795
-581.159685
-351.534683
-660.388906
-680.231499
-700.866417
-895.792391
-691.908447
-655.386744
-349.545225
-384.740380
-902.214017
-886.124401
-679.097561
-568.239140
-880.032169
-666.970165
-886.868018
-696.542168
-362.070716
-557.882752
-351.403640
-358.379242
-885.237860
-743.567456
-566.684165
-363.478203
-744.331604
-350.619966
-392.179145
-565.645466
-708.734775
-603.204297
-385.445632
-884.261160
-713.165577
-356.093321
-675.773620
-380.395136
-362.124322
-360.308356
-357.838030
-348.016424
-351.311025
-339.788203
-354.957883
-909.451423
-881.502331
-335.322411
-750.169258
-714.451287
-906.197651
-657.416422
-584.084119
-746.247801
-661.961723
-579.168524
-756.873224
-339.550083
-883.021612
-349.018774
-550.303174
-909.666724
-875.470164
-321.924871
-572.433428
-675.421568
-353.980308
-886.063502
-880.261370
-663.821763
-903.132018
-344.648717
-350.607600
-601.188040
-548.694019
-681.932264
-331.677571
-709.063846
-682.233921
-372.857936
-366.580632
-567.434072
-690.895623
-575.257883
-880.382141
-583.398778
-904.340029
-357.343556
-660.401247
-555.758041
-674.790807
-354.509560
-756.380633
-673.765274
-686.132021
-355.357472
-360.180812
-694.288666
-675.854682
-365.861420
-589.291042
-376.466587
-687.132361
-658.400167
-377.958054
-898.426436
-686.020017
-752.311965
-340.144537
-896.830323
-692.737722
-683.681970
-539.754860
-663.273865
-884.644281
-689.152818
-681.753227
-872.667611
-703.449487
-385.369310
-678.338165
-686.267016
-687.300193
-578.481876
-347.593126
-896.260726
-677.985898
-679.829789
-895.831194
-351.353834
-887.806298
-680.294267
-633.057855
-663.827341
-591.364916
-795.733980
-345.147440
-597.592499
-580.622088
-735.688170
-653.736216
-369.312701
-654.100402
-348.646598
-684.766463
-352.311749
-687.897430
-744.469189
-706.450220
-751.126015
-695.560058
-684.739710
-339.465902
-681.701305
-361.946926
-323.138369
-675.149651
-903.096382
-335.579931
-677.840993
-698.983181
-349.483499
-351.978825
-574.723881
-869.936329
-685.438822
-876.177290
-877.925441
-652.974096
-685.005993
-694.746963
-742.365998
-684.265282
-899.839584
-367.326092
-581.737484
-342.855345
-674.968932
-587.131281
-343.834131
-339.017528
-352.707226
-566.253965
-338.139304
-686.361965
-686.989394
-917.301155
-685.674699
-362.000115
-906.086680
-661.504241
-377.011128
-368.464779
-588.127721
-329.142810
-885.978664
-571.007354
-902.551258
-579.848327
-887.766779
-666.997047
-342.256876
-903.126766
-889.467386
-565.161609
-372.076324
-692.099370
-356.307870
-347.107971
-895.519373
-692.033452
-707.735644
-662.454433
-886.474933
-600.949546
-681.951975
-356.650667
-684.078747
-327.650644
-677.426344
-353.211240
-357.446772
-918.585393
-559.850716
-592.327791
-361.217138
-589.403362
-765.933275
-700.786300
-694.807437
-359.337082
-354.243738
-558.993564
-384.595924
-872.082276
-547.366244
-338.801392
-895.704317
-677.355224
-886.620800
-863.637375
-355.061712
-773.185062
-326.542851
-892.441293
-334.584541
-685.330233
-582.385289
-712.734984
-370.737312
-572.060760
-692.447108
-595.057284
-874.746882
-676.075734
-343.579972
-663.342708
-678.857355
-369.288220
-677.963534
-601.792138
-687.836770
-897.721751
-368.767403
-358.091274
-876.620271
-556.353882
-885.360888
-676.939100
-892.476499
-897.042425
-563.291749
-671.690325
-694.514608
-663.623909
-375.498736
-370.376908
-350.088417
-706.500209
-680.978303
-683.909009
-654.234868
-372.835981
-377.405056
-685.199659
-330.111288
-883.980515
-629.205644
-336.067340
-684.573167
-907.213803
-334.572659
-576.079182
-691.578679
-643.438048
-344.118046
-906.870415
-877.331283
-353.538743
-680.546753
-684.304287
-331.640568
-583.959915
-326.136155
-677.951568
-595.783628
-360.564720
-882.355570
-696.095219
-703.333209
-584.604203
-320.465739
-690.442936
-679.147313
-551.123796
-662.190713
-661.085059
-883.766844
-579.427963
-672.629409
-378.645363
-661.289620
-566.221640
-638.746295
-573.974336
-669.940638
-377.526822
-664.998019
-685.015797
-361.630777
-360.645328
-661.273237
-746.145214
-344.392171
-341.153487
-597.307938
-898.678356
-892.445227
-698.089187
-915.409066
-685.487638
-363.603682
-337.454444
-912.948472
-886.152027
-693.844884
-341.438979
-375.308504
-689.092476
-343.209445
-603.435947
-335.469334
-368.452888
-558.369477
-361.134736
-648.719070
-571.881494
-336.705377
-683.493894
-909.335592
-686.998750
-317.863021
-890.481130
-357.886579
-357.528284
-529.058816
-663.874482
-577.958542
-344.092780
-736.650642
-916.895223
-746.610823
-564.891331
-356.478454
-365.967273
-685.246017
-372.084343
-675.169185
-378.540934
-899.569425
-671.498297
-693.980321
-322.913960
-685.864435
-907.240977
-761.657175
-649.806560
-345.932763
-883.941648
-573.117927
-678.079501
-586.087516
-665.868783
-588.836901
-892.465286
-347.465900
-591.930444
-347.114323
-660.025322
-364.949064
-782.819923
-558.995360
-344.010380
-671.102359
-333.663976
-584.622634
-678.261610
-378.055661
-659.916089
-346.716164
-888.367383
-910.472194
-700.223438
-661.094977
-349.822489
-713.653039
-591.328012
-347.684649
-352.594023
-346.184731
-369.812865
-344.563583
-700.303434
-911.131091
-687.039572
-578.367723
-681.609931
-706.128538
-349.363526
-358.042621
-912.213968
-344.735435
-360.782210
-667.931615
-359.884937
-875.923357
-681.464837
-586.560033
-740.629460
-697.649099
-345.290756
-577.366394
-605.991544
-595.029383
-359.268540
-699.159647
-883.214659
-695.502671
-693.526076
-376.828742
-377.670994
-682.262769
-364.810021
-681.112718
-574.521790
-323.024541
-746.381673
-316.266537
-588.126628
-353.477534
-689.553515
-681.597846
-376.904675
-352.346209
-690.532734
-677.450913
-655.683331
-586.034739
-889.684347
-341.564994
-666.591657
-733.038096
-747.407307
-904.906216
-311.920544
-909.376349
-325.261668
-358.733674
-686.747116
-371.279850
-360.187012
-370.251855
-331.501798
-545.354816
-677.945936
-877.162762
-884.869997
-359.093010
-682.787904
-554.593429
-687.032761
-355.233544
-366.192927
-685.230093
-342.042935
-366.952867
-662.619746
-340.993007
-368.128148
-348.039072
-579.159723
-360.044904
-595.161242
-590.888310
-340.792912
-363.916132
-688.911844
-363.809755
-677.235263
-670.478818
-368.216938
-763.091102
-539.388653
-909.722308
-866.919413
-696.645567
-577.650758
-354.460610
-748.274640
-704.152490
-360.283375
-668.036880
-571.140086
-674.133714
-920.103886
-361.155289
-575.040469
-688.722753
-662.328767
-557.071862
-887.539164
-337.731570
-332.066590
-357.951790
-675.229776
-322.318262
-339.084824
-325.195920
-686.716057
-588.074453
-687.250137
-882.094116
-368.270831
-360.362820
-890.221013
-587.586048
-604.694261
-337.691604
-341.914573
-688.213771
-697.601518
-636.945485
-331.205805
-347.050686
-346.707382
-357.449694
-752.549351
-907.647780
-361.063908
-888.663918
-716.286980
-675.922974
-895.913188
-889.464258
-680.164833
-600.436469
-342.275400
-349.477049
-700.572692
-571.118202
-682.564971
-352.995144
-576.947076
-562.960240
-344.532886
-364.262024
-368.283748
-897.521369
-674.071747
-342.010192
-583.886085
-663.981184
-678.466321
-347.939637
-568.066388
-380.108672
-364.161885
-671.036328
-884.605709
-781.030933
-383.922614
-341.646290
-763.315047
-652.486846
-900.427549
-681.980305
-689.334877
-345.082426
-563.289235
-702.903634
-666.795364
-688.322187
-544.078274
-576.924086
-657.709857
-350.017485
-344.799547
-362.931358
-359.907386
-912.860737
-351.650442
-578.518891
-679.110548
-574.075376
-682.385219
-335.563787
-689.178604
-343.780991
-353.287223
-688.419149
-574.304178
-334.768270
-700.246909
-578.303366
-670.754420
-878.435831
-686.905603
-544.921458
-353.153685
-767.356735
-555.305252
-670.129282
-361.746540
-338.141985
-707.020849
-347.463372
-877.390160
-369.734680
-583.981057
-369.629322
-562.011411
-879.534098
-674.799959
-694.728577
-705.020277
-683.974861
-363.941847
-555.217741
-917.582758
-338.197055
-670.507692
-342.944821
-663.919969
-351.550863
-355.238775
-660.737738
-765.345746
-349.390270
-885.726035
-909.526875
-878.693133
-686.243865
-331.169103
-877.872429
-876.804899
-864.283171
-695.437245
-340.571800
-914.847322
-886.580867
-590.743687
-632.252108
-360.868405
-688.950441
-761.190260
-868.018192
-772.621681
-355.323424
-344.002814
-358.382789
-334.712689
-691.403436
-346.888984
-892.115526
-672.745222
-892.186310
-329.843887
-593.014686
-581.150781
-697.246739
-690.797596
-356.181537
-571.761439
-358.776846
-704.391805
-903.538751
-683.409544
-875.325411
-888.468455
-320.962873
-377.214628
-573.565016
-698.046788
-364.235287
-577.207598
-674.110577
-339.271745
-677.275085
-572.311134
-331.982575
-691.612317
-873.726468
-908.700196
-370.872365
-339.558031
-591.074030
-686.316856
-339.755845
-905.559417
-331.494455
-340.259907
-346.803496
-589.861274
-891.955245
-889.592267
-365.136115
-907.398322
-689.277202
-331.906050
-569.855332
-578.753075
-340.799859
-677.588532
-690.606126
-582.297714
-886.852111
-367.009967
-675.971075
-603.465020
-342.292506
-896.946697
-693.649858
-872.790522
-364.058131
-670.991615
-373.253197
-359.297309
-752.311129
-351.634512
-891.748955
-682.863966
-572.089589
-333.798851
-712.584185
-355.891540
-569.308032
-677.242344
-888.509204
-750.828110
-763.807872
-906.558566
-665.335356
-918.716108
-928.839597
-660.297742
-350.504129
-598.238510
-676.635897
-578.795188
-346.936015
-370.810625
-357.074176
-763.631757
-861.299050
-883.331323
-357.663230
-575.939650
-869.457014
-656.922701
-669.341463
-363.789239
-647.039984
-562.285050
-371.203422
-369.852307
-357.741684
-894.899540
-916.951600
-362.679831
-329.445361
-676.060964
-672.690054
-587.597166
-363.689256
-585.965973
-673.379104
-910.347279
-352.014726
-671.460609
-588.816552
-358.304009
-911.030892
-667.139631
-663.450866
-930.083538
-327.442935
-695.794717
-329.697717
-881.929412
-700.650976
-907.440264
-659.194386
-887.982122
-361.249285
-604.566830
-341.073803
-890.351221
-574.460989
-665.019125
-903.016837
-872.834992
-362.569710
-570.416845
-693.590966
-337.999979
-318.373858
-724.447250
-357.985956
-681.029565
-364.735245
-371.441136
-588.627757
-591.084935
-887.757615
-594.766987
-916.473116
-334.460251
-343.458483
-339.146367
-578.742294
-651.107272
-356.096401
-698.473490
-675.067747
-702.074340
-366.622923
-893.972037
-558.127553
-621.659573
-361.694133
-612.504299
-887.989912
-558.567064
-587.237654
-362.167380
-366.366121
-732.297765
-352.214412
-356.872358
-335.086430
-677.524031
-675.403833
-775.158248
-683.123990
-900.434606
-576.560729
-360.200426
-556.290516
-665.394341
-682.400233
-661.543714
-550.660697
-662.968925
-339.793835
-368.290838
-684.597660
-575.021241
-322.171670
-349.778881
-676.147418
-352.837428
-358.794614
-360.875376
-887.393469
-676.934905
-360.070816
-665.008962
-564.787993
-660.634766
-572.436358
-357.990561
-667.736167
-567.792568
-332.102096
-344.000047
-679.816630
-352.295016
-368.270852
-872.768857
-581.546862
-694.228299
-379.140424
-885.698357
-323.837650
-354.711329
-875.413974
-862.669556
-866.694020
-887.136543
-600.095445
-354.623027
-700.490865
-662.911657
-867.199994
-370.240836
-342.782493
-366.688027
-566.236233
-648.777511
-338.504072
-565.309885
-389.573445
-582.086319
-584.796726
-675.979828
-599.242451
-916.553230
-584.274277
-345.800390
-349.537647
-344.542446
-891.999462
-681.330264
-746.082194
-357.622449
-390.415081
-665.493583
-882.783101
-706.720669
-367.580574
-309.689884
-337.023829
-365.008510
-684.337291
-344.807204
-764.756720
-887.306726
-711.726254
-896.847672
-345.102329
-673.509977
-679.793484
-391.261373
-675.073166
-585.279436
-925.444256
-892.042744
-686.990732
-581.665414
-912.089627
-548.617098
-357.455117
-384.364444
-334.134758
-337.485939
-902.249008
-569.747858
-709.617675
-664.589466
-329.040826
-582.090460
-763.065386
-879.658050
-570.656451
-320.251902
-351.165625
-690.550518
-905.858987
-769.433801
-677.422377
-665.266446
-879.472826
-360.731904
-904.584471
-862.277745
-876.281484
-347.765381
-570.740601
-909.977618
-671.223423
-693.272146
-684.342154
-782.113990
-348.962662
-683.652756
-355.045062
-556.523765
-664.634535
-659.983437
-696.974946
-561.380652
-559.284624
-696.253300
-678.192560
-355.272301
-680.273374
-677.081294
-696.772464
-572.841226
-368.490332
-351.705644
-701.366206
-681.498668
-881.065769
-569.564093
-857.240647
-933.892848
-373.678474
-348.268456
-558.192050
-342.686255
-660.768692
-670.278411
-682.118649
-341.876497
-900.204985
-338.271205
-912.566910
-574.065662
-686.289708
-887.346269
-344.097882
-697.930715
-878.910504
-666.069932
-889.568032
-666.776398
-892.496310
-338.566785
-600.972583
-887.439347
-352.628981
-682.863290
-674.143003
-572.726884
-358.457912
-909.192610
-590.879325
-576.740600
-330.454969
-381.460875
-675.954872
-369.879933
-364.965943
-665.635695
-908.382173
-654.385051
-880.511095
-901.028736
-707.978218
-869.107489
-876.797937
-343.191035
-736.018479
-907.561538
-373.986257
-886.837802
-353.121009
-344.527157
-685.094984
-681.523821
-700.367491
-357.689605
-341.790249
-881.296467
-684.828355
-342.404759
-314.858371
-374.605721
-667.444470
-692.190375
-583.382676
-360.855520
-713.356124
-696.313968
-675.725100
-586.803521
-557.028151
-337.005803
-692.260266
-665.325377
-689.042589
-676.609236
-789.784441
-689.648559
-354.795583
-356.447127
-363.535655
-334.053052
-670.302571
-889.582347
-340.266163
-338.675217
-706.079738
-349.282898
-380.577007
-581.774949
-654.395976
-575.518902
-683.698764
-682.427105
-574.332141
-318.937166
-702.710393
-680.280134
-364.989733
-681.361584
-343.630195
-598.843399
-699.239942
-670.859864
-648.561414
-661.502232
-681.245729
-671.469998
-327.344886
-901.784087
-676.880300
-673.631109
-556.458625
-577.918415
-712.766153
-876.403451
-694.530226
-562.444437
-350.064028
-844.165260
-891.509930
-684.731520
-354.239244
-670.267777
-571.085475
-674.506905
-341.194061
-681.862101
-357.819228
-557.091766
-363.795802
-387.429720
-587.614703
-714.266604
-355.713877
-884.481903
-867.410941
-350.017848
-328.619789
-603.562293
-702.700827
-659.168454
-678.088002
-341.498657
-679.979855
-685.566748
-634.501754
-899.730106
-336.042683
-691.035071
-583.903171
-355.814817
-905.860195
-330.490757
-585.943155
-682.488706
-671.799283
-659.409662
-890.169452
-337.886260
-682.310996
-357.881947
-665.029458
-350.933199
-664.583144
-375.321657
-926.447651
-366.015880
-676.129369
-700.944115
-346.793296
-667.597931
-905.856549
-678.616930
-365.201440
-595.332656
-906.710384
-758.646282
-655.823974
-876.749219
-693.465269
-355.618198
-556.901995
-680.309155
-688.180827
-900.605641
-333.059176
-709.211401
-696.772591
-752.639344
-363.368664
-560.207073
-354.209025
-369.365164
-340.863603
-562.075770
-605.157799
-343.695133
-711.058769
-906.683062
-653.624253
-376.070807
-365.996385
-603.816759
-900.606113
-361.159446
-785.103508
-550.101570
-676.446490
-394.107335
-901.276896
-873.467136
-372.387483
-898.218398
-574.190606
-566.971653
-907.864047
-881.336515
-670.795895
-581.108411
-886.383830
-880.655613
-677.009455
-364.816998
-603.492144
-343.752340
-662.626344
-656.403802
-356.021347
-901.954149
-576.427749
-370.319462
-579.853871
-531.757530
-356.515877
-913.902975
-340.728398
-741.981988
-594.355937
-354.497704
-373.181118
-686.628430
-888.353428
-305.092503
-348.541252
-581.769836
-328.547103
-695.417264
-893.467821
-662.852956
-644.892020
-683.705288
-591.284307
-893.431911
-692.198739
-310.042320
-332.836294
-675.005205
-695.071149
-753.163261
-692.493518
-669.607084
-899.977197
-543.153558
-683.706556
-563.982198
-671.958007
-887.086371
-595.377810
-688.161113
-354.202567
-671.035672
-674.855038
-570.267492
-891.146372
-895.456240
-384.685494
-596.542301
-759.650526
-376.593109
-672.100732
-898.198793
-930.476124
-765.404361
-359.788437
-661.779826
-873.462618
-880.746626
-893.531733
-580.723039
-856.571946
-666.519047
-704.486426
-651.553028
-699.798511
-873.608130
-525.946850
-708.001305
-665.201576
-692.537577
-350.078260
-761.624516
-900.936754
-710.062906
-569.996636
-680.933725
-323.756697
-593.086765
-314.677098
-917.401371
-909.422559
-571.668506
-338.921541
-910.595487
-372.149533
-651.323245
-586.496397
-666.165350
-884.432890
-669.347349
-355.517351
-317.262904
-352.064110
-353.435002
-697.054921
-692.933779
-665.744066
-745.436465
-659.393614
-662.738270
-891.315307
-671.501701
-592.189697
-367.933749
-869.728319
-347.035900
-360.982461
-696.299716
-345.575190
-683.164346
-660.878324
-334.532617
-788.961403
-324.632404
-352.688887
-590.681264
-313.690698
-748.579499
-658.032258
-323.967432
-365.748054
-326.182892
-911.176101
-673.907489
-678.465472
-887.938223
-344.754575
-366.882078
-889.441970
-573.616857
-562.870730
-332.426720
-898.976671
-337.484609
-343.125233
-350.764991
-674.739507
-687.606865
-912.150146
-576.695878
-369.343120
-666.662305
-314.525105
-332.054528
-596.612247
-325.644078
-344.699077
-676.556453
-358.843200
-876.482593
-860.973107
-878.829147
-672.690422
-333.678829
-682.432450
-675.070925
-689.823717
-654.755054
-587.937896
-684.472414
-374.148649
-345.209264
-363.800851
-351.945125
-341.937329
-546.591898
-668.963586
-337.743932
-357.964004
-710.753427
-586.217430
-882.152241
-582.936986
-357.095376
-392.014161
-664.429034
-685.846915
-670.314670
-375.627427
-781.199689
-319.844370
-346.815707
-555.025443
-911.444383
-343.683668
-597.188370
-372.408825
-758.371720
-358.827151
-384.227020
-686.782323
-669.338158
-377.642759
-688.461518
-564.008237
-582.644596
-587.338255
-686.849091
-883.115329
-695.270522
-703.721196
-673.409727
-376.665089
-382.496741
-662.682840
-677.612985
-690.458250
-374.419305
-372.115727
-559.780285
-364.932047
-333.127222
-698.148458
-695.496442
-652.130153
-869.226505
-878.960175
-573.219217
-678.552802
-570.128282
-890.284094
-320.954111
-364.891078
-347.820293
-570.025137
-355.027710
-897.107563
-697.131155
-697.745855
-370.994522
-571.980377
-589.469221
-368.571793
-691.852491
-683.555789
-648.191440
-382.057478
-338.631370
-352.913049
-883.502097
-679.454174
-908.442016
-335.496975
-699.741774
-594.418143
-737.335481
-691.566930
-364.234451
-695.656678
-358.844261
-914.307949
-344.050852
-658.887040
-352.726311
-566.969868
-329.772913
-366.121620
-648.309847
-584.386483
-655.712976
-329.007836
-918.998291
-685.519761
-357.664617
-548.174515
-354.712953
-359.529586
-738.641465
-660.985998
-580.349907
-897.213405
-360.936717
-905.772829
-325.947664
-680.805749
-569.299120
-365.045421
-682.156431
-697.192858
-873.867678
-684.001377
-692.384588
-683.760872
-895.244072
-879.643742
-927.359448
-690.127079
-332.215625
-544.881324
-354.634864
-576.271140
-353.507138
-902.375046
-350.109874
-907.502056
-569.698915
-353.587688
-373.322528
-368.152349
-685.385581
-345.577885
-880.119130
-356.841992
-349.534150
-704.978983
-771.876569
-884.921226
-671.755714
-847.587530
-861.682044
-869.651884
-341.785023
-700.214118
-350.090651
-359.268035
-899.024093
-674.811511
-353.737400
-689.910047
-934.899725
-883.421938
-751.241026
-578.650795
