775.380077
67.581974
64.182225
67.776849
55.285889
330.543438
831.173727
780.321304
57.369095
63.057284
-879.405589
74.139342
-697.300949
771.675271
68.478530
-711.137784
312.173319
-733.046628
-706.556427
816.787681
61.929710
-709.909861
74.687371
62.021704
56.102107
72.363228
-662.833924
-724.104253
-711.785177
65.941746
-721.097791
-673.988176
50.599097
-694.374919
50.671677
54.589766
787.974581
72.325290
69.054566
63.125884
-725.104446
-700.526865
769.502272
-726.244232
800.205447
327.346592
60.585291
-710.760589
64.614312
77.166829
322.023367
70.689334
-657.146522
831.415926
56.707052
310.625813
60.526976
-700.261755
-722.862008
68.325717
815.771829
58.419387
812.417891
74.725661
66.337441
78.079767
783.213143
787.556970
329.528026
816.215878
822.909476
59.935824
329.502141
819.384091
320.424215
58.147922
810.147129
84.197876
331.912825
45.446179
54.387615
-701.898155
784.009155
71.584939
-716.411460
-721.983972
797.854294
821.344540
76.606430
323.462442
824.344392
49.815348
71.387717
807.611344
328.416588
71.251443
302.287338
333.031517
802.807071
76.942695
70.904196
-720.507542
66.396334
294.217916
53.767037
-703.805170
76.659148
806.734369
70.532225
52.476145
69.503943
311.487675
54.509657
-893.152047
48.175199
57.789377
63.068259
75.355202
60.135602
-693.287032
-706.818867
63.846977
-726.312694
66.305041
49.857881
793.171724
59.320887
58.915089
815.248021
-717.822377
54.694897
804.819244
49.587284
50.518064
58.861042
-677.353568
808.894175
55.459165
326.647988
78.354310
798.625738
-716.138412
54.763775
62.806330
58.473658
311.885469
806.385042
79.733777
78.180463
324.641870
56.444665
-712.927565
-685.608188
-726.876594
70.343505
55.535027
72.461055
790.835084
85.981442
326.030071
-694.400405
827.798680
796.475545
-880.165785
58.692765
-883.912463
54.043195
49.423524
74.899565
812.822390
68.700705
71.671311
-712.641378
309.494256
-717.235457
59.994474
329.001296
768.774439
-690.262152
817.601967
321.894181
52.742779
-703.415967
56.138210
795.026773
55.812191
318.818455
331.023039
52.919689
811.398301
62.668767
794.040820
812.427579
792.270890
59.459919
74.468192
57.167221
71.225272
51.593756
-700.390609
-908.875864
315.734195
83.365138
-893.348329
64.346598
62.239573
304.241255
793.970444
785.093962
-700.289652
58.135682
-702.203409
326.602590
-719.321214
56.702250
57.256509
776.186656
58.689592
76.524092
808.136003
68.327623
-724.165139
62.613239
819.442517
51.607525
44.119503
328.383399
-697.299202
803.705622
82.217449
790.166264
782.060516
60.948647
307.324854
784.855834
-714.346310
61.009478
50.250408
338.275739
830.565417
69.166393
52.697929
72.113787
36.932220
67.087371
64.512784
-896.890769
67.953966
302.799950
802.715023
58.943184
-678.902609
36.352419
783.132789
52.083055
306.335853
-710.395373
91.963810
73.133523
-699.579038
-675.679285
-706.403140
53.854944
325.612448
67.771574
67.568263
-699.970351
-708.732309
782.484874
-681.209886
788.696686
-701.579316
35.769411
59.058458
288.367461
797.441699
40.520688
834.716958
299.923469
75.123796
72.815176
801.764945
78.632994
780.381106
312.913940
788.997676
84.687662
784.686940
63.391274
56.801087
65.733694
-687.067462
823.443422
334.448987
64.908889
-711.389703
834.592153
60.718739
337.341397
826.788996
306.764855
-731.417693
-706.149411
795.371604
60.562194
308.938689
821.231048
51.456325
800.340338
798.916672
63.019256
47.882227
783.067753
323.459082
331.509261
353.626697
65.387127
-686.456984
-895.128186
69.232691
796.972034
69.790531
788.135837
797.225535
-693.601664
-709.244133
322.868476
72.274208
68.260225
72.070584
62.383171
58.367635
-705.710559
790.515330
-891.486006
-720.537180
795.513034
774.860905
329.353171
77.658794
42.520950
50.499032
809.879391
53.884268
68.884949
47.670196
62.044214
312.349803
67.964498
779.883239
806.658474
304.599230
790.744090
320.045964
787.056344
58.896919
321.865362
-694.435962
69.849948
69.426613
307.134981
-718.626132
-700.357760
88.403252
770.349864
47.243449
796.006454
56.715928
-901.505363
-723.752541
73.145940
60.890604
-704.249204
-680.434690
59.752860
816.194156
334.389080
54.869590
828.822780
809.974496
-883.703667
75.180083
70.899887
71.995885
64.688280
780.006452
797.454378
-882.403838
-703.729991
43.129844
85.593381
-699.136342
53.867880
819.279412
-710.005250
68.582413
79.801322
64.150161
337.786751
61.273865
-725.787008
70.260660
323.772187
58.807623
54.690375
38.409027
-685.087815
-681.847459
60.257994
64.181975
-700.123632
-699.530393
-700.451144
337.227717
310.893960
-727.900479
78.923045
70.050824
73.809431
809.385107
60.188457
77.634140
72.539396
-703.541051
790.740208
804.829244
815.957103
299.718179
794.666391
58.764416
788.639437
63.551392
-694.041178
300.461463
46.750242
53.160969
787.686735
-893.780278
323.826427
66.403361
-893.625918
53.722035
60.323907
313.456032
75.864762
-725.338113
54.984630
809.566379
61.294683
-688.118981
809.199975
50.853655
70.488311
68.537677
-719.554578
-707.293634
-719.508917
46.234154
53.174399
792.958667
775.957388
-710.903380
802.801595
56.506555
796.546563
33.808834
324.366573
802.324597
48.771588
333.111854
-859.281668
-690.277070
824.499946
-720.101727
325.679646
805.986395
787.198904
53.986876
326.556758
68.498268
60.046178
836.436194
789.829715
50.196242
792.808758
-698.842681
-708.841505
294.840822
310.986542
59.705498
-702.238085
810.089787
70.581454
-712.354627
-686.234644
-681.343418
61.095812
-704.669483
778.313817
315.137435
803.242588
-736.487966
800.267212
339.512304
48.224854
-704.667972
-866.162450
95.130935
65.199198
-683.703593
78.973118
91.721018
76.018305
61.299132
-703.143712
-711.462338
40.299518
45.874342
-707.277787
835.042429
57.451039
-903.728602
-753.582605
821.625976
64.140357
807.467332
320.824776
82.273218
782.939323
88.528131
71.826193
809.533418
48.935511
60.393380
86.746776
795.022601
62.772310
296.543417
-709.182413
792.216216
61.827905
51.839754
770.161886
-713.083124
763.031135
66.236231
56.628479
67.242511
-711.889522
-878.244160
74.849712
340.871128
325.046400
-894.611920
81.669945
62.341902
89.207660
-706.671363
82.128042
-727.790944
53.345474
806.662588
80.601818
808.370337
794.668294
67.807830
52.564248
76.300460
-730.984037
72.816092
68.930280
811.423497
63.667269
50.868841
88.632838
-696.197121
-716.744277
318.439711
806.160657
76.556862
777.985320
780.600093
80.973005
67.846063
58.102211
-893.129507
75.437885
820.395744
47.558324
311.565267
-713.446246
67.494596
334.906031
54.686897
-694.347056
62.854278
306.589641
69.748624
72.637445
808.499974
795.659184
783.620647
58.707887
805.200889
59.306282
-710.754989
-694.472115
348.419654
-701.901229
804.983567
315.717263
770.284133
-710.561497
816.520429
35.250817
-707.492250
801.932202
806.453242
304.838393
-721.465316
46.539598
84.968410
-695.757365
779.070956
66.387922
68.545575
48.756885
828.169560
299.579612
58.113267
40.615359
45.151241
-689.430338
814.749398
-694.561256
-699.693057
787.257830
313.909997
318.890641
45.824755
312.968119
-898.711265
41.807344
47.371870
48.958800
53.907619
308.413416
-716.845278
797.545407
326.042922
-732.092277
790.729352
75.817886
807.807223
814.273651
-713.849627
807.017932
84.203912
808.748217
53.935842
65.695865
307.571989
60.730693
49.731195
322.029000
51.400207
314.563386
809.784908
42.109951
-685.804739
783.047411
72.026092
-695.771590
62.187478
326.965344
74.185368
812.713188
54.388191
58.101480
786.501036
296.744809
811.100590
68.292624
782.818886
819.115863
331.450040
62.316121
78.128660
53.088125
-712.576070
-721.142621
78.655721
58.914134
60.947528
57.629362
807.871863
-722.410913
56.659992
814.030372
-720.105961
789.754966
80.763866
53.829516
76.445883
813.902184
-709.721920
304.025309
61.001323
61.778211
-711.893916
788.472756
794.749573
64.118578
61.722721
48.127437
-718.612150
306.494795
-723.303190
51.689161
-706.772043
-702.277935
796.443723
67.240654
59.480838
332.173847
-708.523016
809.378254
64.515193
341.992346
69.853547
64.131820
822.090554
312.421090
57.809543
61.619584
77.290056
321.139469
797.048305
301.720434
69.837171
71.232824
72.336775
72.889933
-735.113645
-731.966528
797.504220
806.022021
-699.081079
54.188145
296.033297
789.792791
824.989596
89.537883
818.365304
60.855050
62.973074
-711.502944
816.509778
793.249627
774.715534
46.205424
74.288712
68.726459
-723.562353
-667.361955
-688.134150
64.604677
-695.635041
-705.929549
69.228262
334.402884
71.911346
66.411121
786.618823
35.098397
61.356469
807.961911
60.723789
67.244404
-707.937423
59.262446
328.544316
-672.144495
-909.825136
790.371398
-869.423563
317.746179
-720.491276
64.091409
63.570948
60.629177
69.843918
63.444562
806.063967
72.038632
56.075056
-692.359018
79.760657
789.760541
-916.548097
53.278477
-697.287102
804.258905
-695.939700
797.835193
311.091423
59.394369
301.107084
807.435160
-707.049685
310.547365
-676.862767
46.432601
-688.208628
-889.256272
338.819343
55.509753
76.242069
67.654882
314.918356
52.158807
-730.034824
68.010735
54.714174
773.352415
822.711842
797.638890
39.640787
56.653039
84.093072
326.070218
64.859313
41.032957
70.241114
-700.606583
-696.389049
83.786012
807.280334
831.675444
319.523581
62.071761
60.896222
-708.440113
69.097256
801.102335
-702.649091
53.502268
819.883571
65.879628
795.497541
90.231645
299.819906
-883.991340
52.985049
-684.834463
294.645210
332.700848
321.290848
63.335189
67.058154
817.895114
67.375151
72.043315
-702.082278
-678.510643
60.269944
54.413812
61.838132
-720.113202
41.519539
-912.445375
60.148944
357.451752
-713.022446
86.724434
56.404135
66.545226
68.136562
66.947486
808.617632
63.377746
-709.873599
801.064967
55.495455
66.493975
-874.650431
796.218593
810.082790
65.290970
785.422470
64.419724
69.281706
60.678670
-698.110374
-699.068656
-690.671976
-696.025598
316.159184
49.593326
785.786950
817.140431
-700.500991
54.171013
327.193575
811.807542
70.256687
73.913835
810.309586
55.630539
-694.487195
47.884308
-684.255376
-692.685568
51.322224
320.246761
73.705459
309.294806
306.973133
-731.739959
-719.664353
72.684786
-736.446410
71.232124
73.291459
62.207944
-884.450540
-675.551248
794.482180
801.098160
64.272667
304.360842
-711.038578
-890.136467
70.483564
-706.998677
72.734456
332.172331
90.756558
776.723838
51.862350
310.531801
63.767286
67.392249
-734.018410
779.335567
49.715984
-718.013082
-690.534531
46.098911
64.327479
54.713979
62.522689
51.963122
304.869556
61.443861
807.777900
63.645156
37.957302
783.170356
-722.861313
315.813658
70.924480
40.200397
65.351341
62.764152
65.091211
-677.734052
-729.397195
79.409237
45.454066
-895.179561
803.182896
-725.473453
775.146399
54.909674
54.076632
793.536380
785.393627
79.707525
308.895797
77.105853
70.364903
45.268329
-698.796879
57.420896
68.347846
316.659214
-729.963222
66.431651
55.326854
79.237125
810.124044
56.130025
-745.139524
-697.683812
801.076869
66.816955
84.692807
292.487178
81.745962
60.349306
70.898111
805.426472
-891.866620
81.174171
-724.814537
-877.678195
51.982594
781.963942
73.210720
83.221939
73.710211
301.743994
76.249347
62.539393
48.281995
319.061293
-713.715784
781.264574
54.471375
79.705518
-713.417075
-685.877714
780.115185
63.322872
-703.218907
71.702120
307.572912
51.269773
42.845467
818.634834
-704.759416
39.784068
65.619501
309.339372
38.895725
810.895687
-702.740893
78.303142
804.028618
75.162632
343.690863
65.862746
-915.826724
-738.450238
787.871794
73.877464
-715.449377
61.364274
42.618100
783.127096
61.155849
335.889469
-704.626458
-711.703972
817.319303
55.171172
76.240820
66.298561
67.007138
-716.877427
315.144867
809.138674
-703.831336
58.462513
52.826797
65.563492
-745.997680
-739.165793
57.771343
-880.432986
-709.384655
782.759888
828.191817
771.740654
806.305562
-734.041510
812.085055
803.458990
784.961837
805.111723
77.623437
797.417190
804.262225
301.632648
58.539901
53.898399
60.155340
-909.023775
795.710231
-889.015625
74.256026
-715.503766
-713.661270
56.375337
61.487978
-711.154853
809.419195
46.497260
792.625549
-701.189757
-704.532490
305.240855
63.847565
58.369240
57.655382
348.728891
-692.841324
64.090960
779.428691
815.968039
817.077938
814.802315
62.816949
62.496025
-708.232628
95.133342
-688.310288
316.419087
774.416634
73.873609
80.845927
321.916917
80.594298
59.406026
808.230057
782.967324
57.242729
44.423947
318.623303
51.948347
-692.599725
815.694933
59.424510
61.523853
-702.206750
333.796597
816.566047
817.699146
66.050623
830.989982
64.191079
-674.717015
307.616970
-707.240771
-697.772849
49.583190
777.320086
-703.818788
807.322720
-684.612198
58.941469
308.029396
81.372502
827.025549
59.240526
801.448111
-726.394195
52.510144
-720.025181
59.752310
-870.577883
66.175488
801.372980
58.303637
293.582647
57.870124
58.778494
75.478722
-710.653155
71.683547
789.323251
819.269508
-871.722546
805.319193
54.339459
820.966660
783.844779
787.178471
-707.777755
297.178069
54.385005
321.935397
43.535802
-708.638055
74.822201
-900.852291
801.618238
804.126354
-713.531862
317.013300
785.226618
61.350655
59.881193
-719.295462
64.477575
328.824253
48.337351
-730.055567
52.468360
807.034815
796.320200
-731.568823
64.526714
59.016497
821.960094
311.153768
-693.202864
324.512451
40.081580
801.837198
-739.088355
54.099195
-700.760274
65.410760
805.275941
74.208460
63.488839
786.117953
-704.575925
64.106411
-698.278857
773.213672
762.468379
834.157393
57.284642
810.771857
64.814230
-722.797165
-701.829137
825.498352
328.546439
68.440795
798.493098
775.086559
52.670686
344.768819
74.014168
-705.547835
-692.514315
-882.765749
-715.323778
782.096530
44.389408
62.023400
317.032714
315.686007
781.370928
319.438260
761.148032
59.998471
80.501390
59.106716
319.245052
97.794971
59.539581
54.699224
812.259875
87.961297
62.321573
785.182099
315.868003
344.056806
59.725360
-675.948242
805.835397
335.288382
311.073571
64.114679
-688.571570
803.320783
51.578586
46.577601
-702.678265
55.483948
63.288496
-906.700241
75.004414
789.877221
329.625476
75.768350
335.362279
67.791948
75.627011
91.202996
305.362979
69.649716
-705.210047
73.064747
59.233752
303.445272
-720.781532
75.638331
50.200882
-695.953276
58.907740
-696.946361
821.912893
53.133422
-692.059390
56.417030
313.463551
806.073694
321.392226
84.312452
60.285289
319.869225
57.863659
-705.949090
73.841038
-691.168335
59.074685
775.594433
316.793307
66.037127
-715.377745
799.477570
-730.608064
68.573473
805.827129
792.618058
806.460206
821.983090
-721.936856
53.039844
58.647398
83.561066
808.259435
-682.040405
64.026286
-695.346063
320.928045
72.463105
-725.601164
305.084026
-709.602338
306.108118
323.001806
76.500560
315.488254
819.175504
312.495042
68.847041
-700.268031
63.900460
832.702709
76.576033
828.431055
48.726252
75.761497
806.732913
827.894002
39.447264
-709.950143
48.670980
-680.526439
-706.460467
57.835454
-710.757879
-888.471643
775.509397
61.586986
801.571304
-714.583328
44.646208
71.037821
-712.675806
61.687236
294.620660
811.353752
806.552277
50.504955
321.115125
796.425308
323.463965
-707.508049
49.461263
51.987998
-738.303670
766.072269
-691.840096
801.525364
53.353697
-708.337974
299.034099
780.247163
790.692212
-679.402462
61.135917
61.930528
56.098481
814.670749
-868.204295
61.595336
55.421904
786.860501
64.460600
814.867350
788.213301
833.118585
79.500596
315.452692
818.254710
71.963645
782.488896
58.037522
-915.540741
-687.561638
64.118571
-724.242590
317.864004
60.773083
57.840160
813.176565
329.394406
308.020007
59.085688
838.465072
-696.688489
74.707980
56.541835
64.609600
309.397441
-722.772326
-722.243901
69.277868
51.198331
757.104748
306.990316
792.861783
779.740565
46.011530
70.965089
293.690254
-711.411796
66.752570
56.672484
74.909028
65.995262
806.510305
58.058982
815.464211
319.112635
57.689967
804.152078
57.024158
50.537830
801.043940
92.447240
806.411510
37.627380
783.322121
65.516307
322.527646
784.182337
62.585455
48.484940
60.927115
307.149742
66.795385
813.765309
305.074818
301.965570
-729.073575
73.767314
791.987435
-723.876920
63.759018
68.892664
825.869346
81.709161
817.706536
785.053376
61.331082
807.050003
812.931697
56.249546
-861.081623
804.136883
46.874409
791.185689
71.822897
-703.292021
56.949250
78.100397
63.313899
-726.371919
-731.007746
818.125252
61.051312
-683.023032
-689.066100
-687.549583
56.357521
56.882255
315.497358
-697.234424
48.710036
69.087445
57.928018
332.905136
-706.792755
69.519375
44.029679
852.343573
66.292238
52.522847
-876.426840
45.411946
-684.574655
-678.989824
-713.921379
59.952972
69.257917
802.090904
-673.236565
-732.266175
73.809610
-731.131292
-715.003010
279.256569
76.008327
286.987589
58.385236
52.033203
332.533999
95.690061
809.550606
56.515167
54.820305
67.711928
50.782959
308.323591
827.670098
793.365830
55.238902
45.846179
60.343570
50.230177
-714.003165
786.859219
66.768556
64.582085
-697.512554
317.339544
54.675982
803.513717
58.334804
334.456392
56.289396
765.007243
786.863089
64.365514
-694.226554
55.371195
339.210400
65.483072
53.268172
68.923558
60.720529
318.639540
40.185772
64.604707
327.280838
72.831669
-717.004739
785.956810
817.758246
-690.473470
-694.516217
320.822302
76.312335
65.023723
78.644271
70.063706
85.472592
65.420965
67.750046
792.436518
67.273957
68.599513
324.743674
-728.880564
785.985810
-696.312549
313.129086
71.585030
74.133730
51.786213
792.436017
-688.459357
48.430851
77.074683
73.050164
-721.924791
53.308863
61.987982
791.724033
82.662358
49.935354
821.241921
-714.499723
66.107213
794.970390
47.447398
-689.713459
297.466041
784.732287
-907.442320
812.889190
807.531859
64.410080
65.875000
326.057895
60.540869
813.611914
791.005181
-670.595822
72.790914
61.040938
-860.521688
75.451449
326.840134
-711.204111
-710.840582
74.466720
312.673551
310.384793
-697.208789
778.322436
805.441285
59.522658
65.361231
-709.775414
298.186338
800.012756
-719.402862
-877.587211
-725.609300
64.817128
73.057186
800.050872
793.103562
76.079473
806.786167
310.825966
309.977176
802.476793
797.902205
71.172863
313.028977
794.991199
760.731333
62.826041
52.868507
340.936083
48.541478
74.506288
84.272072
65.477024
821.246716
323.092561
-732.160219
-675.720554
312.670054
-699.075654
813.515311
-700.631189
-873.773572
-700.274476
61.780218
72.722344
44.237084
799.944918
-718.369777
-697.125185
322.325314
-686.627624
839.174846
821.092267
59.702556
40.778548
67.183532
322.254256
792.085067
62.842034
-731.667857
66.103470
57.869200
42.235440
774.609162
73.347030
55.409617
783.078048
334.259429
64.480316
330.158110
72.879281
781.833077
331.928067
68.763394
-699.870501
53.529147
59.699196
320.480417
809.602630
802.297482
-703.022208
323.247739
-882.815262
60.175525
825.210383
781.216800
805.881992
804.285883
-700.853135
73.315891
794.165542
780.182928
818.041248
332.850673
834.503356
76.529499
50.970751
51.469362
63.948169
815.550565
-705.834233
62.510460
64.715982
51.110653
-699.331303
-888.067003
812.023360
47.936673
319.446463
61.663862
75.986939
296.725356
69.416336
780.932040
811.001118
320.576971
61.235495
825.743019
-723.304636
58.353562
305.248442
50.310376
815.411489
72.324124
71.836001
60.720996
-697.686471
-702.556539
803.392034
66.746152
65.494268
-869.824391
796.149454
72.624154
810.590594
80.397624
317.187656
43.368199
784.118817
59.179039
-711.362432
61.646482
48.626721
777.892588
772.914156
59.363262
796.037111
71.374406
-697.860834
311.578864
-714.142046
786.951951
54.276581
-713.231665
39.652413
51.427444
820.816777
65.653025
54.228291
798.127404
72.838564
-698.424268
814.685936
308.690188
333.833508
-712.606262
764.039441
56.451499
65.042144
56.032812
69.399643
44.679926
790.558432
312.936483
-730.423013
80.390075
60.143737
61.022371
318.219298
-731.277570
47.007927
62.505790
-718.228703
785.116512
814.181349
809.084299
61.758578
-675.832751
848.711101
49.405784
69.014590
84.421382
319.221439
75.480110
-668.976014
-706.730652
-730.500055
-705.582798
-694.644074
-664.566527
61.838626
-678.102561
-712.063582
68.593026
298.523311
833.750876
334.314435
-724.793054
-713.538153
64.854856
67.099838
40.060044
-723.750040
-904.717097
-684.433858
52.659895
-712.428168
825.291513
-708.512317
316.193069
59.430169
-913.184407
-719.631812
-695.128997
69.423683
66.494719
61.412753
39.023329
-720.402855
329.259814
321.963032
47.014536
794.115207
77.092600
64.020412
62.713263
58.853080
-694.063729
94.135700
55.074821
756.036027
-721.595306
-701.212735
333.779790
-713.393968
60.979809
68.365511
76.925941
810.675676
799.824704
796.204513
308.005198
61.102596
294.538519
828.934592
-693.860711
-717.321754
-717.213823
-721.685394
-707.728089
750.421414
792.603245
766.628405
-713.635923
311.139340
309.416709
-714.520576
73.043024
73.351399
65.373701
-690.754644
48.228311
-685.006900
779.862279
807.649812
817.490491
71.268375
795.989912
301.487900
787.114059
63.654957
-711.270275
79.403420
53.395712
828.204186
62.485738
57.046921
-675.116153
-692.127669
-678.035852
42.516149
51.110565
333.940038
41.239737
-721.740073
808.638001
80.923286
65.154591
-713.716530
-690.714094
69.058788
816.314016
64.765619
331.149119
819.282544
74.703421
823.102974
-694.998759
843.482271
329.571129
-684.133540
813.366273
79.002797
812.632569
58.119527
52.047008
807.027487
810.792713
800.590609
801.063575
74.546847
86.956696
293.191220
-700.209909
294.323639
60.139229
804.970147
-699.861590
763.278070
-710.760843
-714.427860
54.270802
-695.364858
820.931647
-702.671721
812.500465
-706.241214
-697.655325
66.150426
806.108848
814.519865
52.286152
791.891511
784.928636
810.891213
-717.672699
54.067129
-721.753179
69.880180
820.007520
60.138353
-695.095776
68.255844
810.444154
795.997250
-890.382377
-701.111848
775.677630
816.187219
810.664175
57.060542
68.893118
339.682545
66.254182
-733.750862
-717.571098
68.157230
823.476142
-737.620524
75.288310
72.013814
-694.726557
319.340956
